2023-05-30-20-25
Neighbors->
[0, 1, 0, 1, 0, 0, 0, 0, 0, 0, 0, 0, 0, 1, 0, 0, 1, 1, 0, 0, 1, 0, 0, 1, 0, 0, 1, 0, 0, 0, 0, 0, 0, 0, 0, 0, 1, 1, 0, 0, 1, 0, 0, 0, 0, 0, 0, 1, 0, 1, 1, 0, 1, 0, 0, 0, 0, 1, 1, 0, 0, 1, 1, 0, 0, 0, 0, 0, 1, 0, 0, 0, 1, 0, 0, 0, 0, 0, 0, 0, 0, 0, 0, 0, 1, 0, 0, 0, 1, 0, 0, 0, 1, 1, 0, 0, 1, 0, 0, 1, 1, 0, 1, 0, 1, 0, 0, 0, 0, 0, 1, 0, 0, 1, 1, 0, 0, 1, 0, 0, 0, 0, 0, 0, 1, 1, 0, 0, 0, 0, 0, 1, 0, 0, 0, 0, 1, 1, 0, 1, 0, 0, 0, 0, 0, 0, 0, 0, 1, 0, 0, 0, 0, 0, 0, 0, 0, 0, 0, 0, 0, 0, 0]
[0 1 1 1 0 0 1 0 1 0 1 1 1 1 1 0 1 1 0 1 1 0 0 1 1 0 1 0 0 1 1 1 1 0 0 1 1
 1 0 0 1 0 1 1 0 0 1 0 0 1 0 0 1 1 1 1 1 1 1 1 0 1 1 1 0 1 0 1 1 0 0 0 1 0
 0 0 0 0 0 1 0 0 1 0 1 1 1 0 1 0 1 0 1 1 1 1 1 0 1 1 1 1 1 0 1 1 1 0 0 0 1
 1 1 1 1 0 0 1 0 0 1 0 0 1 1 0 0 0 1 1 0 1 0 1 1 1 1 1 0 1 0 0 0 1 1 1 1 1
 0 1 0 0 0 1 0 1 0 1 0 0 0 0 0]
0.6441717791411042
[[68 54]
 [ 4 37]]
              precision    recall  f1-score   support

           0       0.94      0.56      0.70       122
           1       0.41      0.90      0.56        41

    accuracy                           0.64       163
   macro avg       0.68      0.73      0.63       163
weighted avg       0.81      0.64      0.67       163


                0.6441717791411042
2023-05-30-20-30
Neighbors->
[0, 1, 0, 1, 0, 0, 0, 0, 0, 0, 0, 0, 0, 1, 0, 0, 1, 1, 0, 0, 1, 0, 0, 1, 0, 0, 1, 0, 0, 0, 0, 0, 0, 0, 0, 0, 1, 1, 0, 0, 1, 0, 0, 0, 0, 0, 0, 1, 0, 1, 1, 0, 1, 0, 0, 0, 0, 1, 1, 0, 0, 1, 1, 0, 0, 0, 0, 0, 1, 0, 0, 0, 1, 0, 0, 0, 0, 0, 0, 0, 0, 0, 0, 0, 1, 0, 0, 0, 1, 0, 0, 0, 1, 1, 0, 0, 1, 0, 0, 1, 1, 0, 1, 0, 1, 0, 0, 0, 0, 0, 1, 0, 0, 1, 1, 0, 0, 1, 0, 0, 0, 0, 0, 0, 1, 1, 0, 0, 0, 0, 0, 1, 0, 0, 0, 0, 1, 1, 0, 1, 0, 0, 0, 0, 0, 0, 0, 0, 1, 0, 0, 0, 0, 0, 0, 0, 0, 0, 0, 0, 0, 0, 0]
[0 1 1 1 0 1 1 0 1 0 1 0 1 1 1 0 1 1 0 1 1 1 0 1 1 1 1 1 0 1 1 1 1 0 0 1 1
 1 0 1 1 0 1 1 0 1 1 0 1 1 0 0 1 1 0 1 1 1 1 1 0 1 1 0 0 1 0 1 0 1 0 0 0 0
 1 0 1 0 0 1 0 0 1 0 1 1 1 0 1 1 1 0 1 1 1 1 1 0 1 0 1 1 1 0 1 1 1 0 0 1 1
 1 1 1 1 1 0 1 0 1 1 0 1 0 1 0 1 1 1 1 0 1 1 1 1 1 1 1 1 1 0 1 0 1 0 1 1 1
 0 0 0 1 0 1 1 0 0 1 0 0 1 1 0]
0.5214723926380368
[[51 71]
 [ 7 34]]
              precision    recall  f1-score   support

           0       0.88      0.42      0.57       122
           1       0.32      0.83      0.47        41

    accuracy                           0.52       163
   macro avg       0.60      0.62      0.52       163
weighted avg       0.74      0.52      0.54       163


                0.5214723926380368
2023-05-30-20-38
Neighbors->
[0, 1, 0, 1, 0, 0, 0, 0, 0, 0, 0, 0, 0, 1, 0, 0, 1, 1, 0, 0, 1, 0, 0, 1, 0, 0, 1, 0, 0, 0, 0, 0, 0, 0, 0, 0, 1, 1, 0, 0, 1, 0, 0, 0, 0, 0, 0, 1, 0, 1, 1, 0, 1, 0, 0, 0, 0, 1, 1, 0, 0, 1, 1, 0, 0, 0, 0, 0, 1, 0, 0, 0, 1, 0, 0, 0, 0, 0, 0, 0, 0, 0, 0, 0, 1, 0, 0, 0, 1, 0, 0, 0, 1, 1, 0, 0, 1, 0, 0, 1, 1, 0, 1, 0, 1, 0, 0, 0, 0, 0, 1, 0, 0, 1, 1, 0, 0, 1, 0, 0, 0, 0, 0, 0, 1, 1, 0, 0, 0, 0, 0, 1, 0, 0, 0, 0, 1, 1, 0, 1, 0, 0, 0, 0, 0, 0, 0, 0, 1, 0, 0, 0, 0, 0, 0, 0, 0, 0, 0, 0, 0, 0, 0]
[0 1 1 1 0 1 1 0 1 0 1 0 1 1 1 0 1 1 0 1 1 1 0 1 1 1 1 1 0 1 1 1 1 0 0 1 1
 1 0 1 1 0 1 1 0 1 1 0 1 1 0 0 1 1 0 1 1 1 1 1 0 1 1 0 0 1 0 1 0 1 0 0 0 0
 1 0 1 0 0 1 0 0 1 0 1 1 1 0 1 1 1 0 1 1 1 1 1 0 1 0 1 1 1 0 1 1 1 0 0 1 1
 1 1 1 1 1 0 1 0 1 1 0 1 0 1 0 1 1 1 1 0 1 1 1 1 1 1 1 1 1 0 1 0 1 0 1 1 1
 0 0 0 1 0 1 1 0 0 1 0 0 1 1 0]
0.5214723926380368
[[51 71]
 [ 7 34]]
              precision    recall  f1-score   support

           0       0.88      0.42      0.57       122
           1       0.32      0.83      0.47        41

    accuracy                           0.52       163
   macro avg       0.60      0.62      0.52       163
weighted avg       0.74      0.52      0.54       163


                0.5214723926380368
