2023-05-30-20-25
Bayes->
[0, 1, 0, 1, 0, 0, 0, 0, 0, 0, 0, 0, 0, 1, 0, 0, 1, 1, 0, 0, 1, 0, 0, 1, 0, 0, 1, 0, 0, 0, 0, 0, 0, 0, 0, 0, 1, 1, 0, 0, 1, 0, 0, 0, 0, 0, 0, 1, 0, 1, 1, 0, 1, 0, 0, 0, 0, 1, 1, 0, 0, 1, 1, 0, 0, 0, 0, 0, 1, 0, 0, 0, 1, 0, 0, 0, 0, 0, 0, 0, 0, 0, 0, 0, 1, 0, 0, 0, 1, 0, 0, 0, 1, 1, 0, 0, 1, 0, 0, 1, 1, 0, 1, 0, 1, 0, 0, 0, 0, 0, 1, 0, 0, 1, 1, 0, 0, 1, 0, 0, 0, 0, 0, 0, 1, 1, 0, 0, 0, 0, 0, 1, 0, 0, 0, 0, 1, 1, 0, 1, 0, 0, 0, 0, 0, 0, 0, 0, 1, 0, 0, 0, 0, 0, 0, 0, 0, 0, 0, 0, 0, 0, 0]	[1 1 0 1 0 0 0 0 1 0 0 1 0 1 0 0 0 1 0 1 1 0 0 1 0 0 1 1 0 0 1 0 0 0 0 0 1
 1 0 0 1 0 0 0 1 0 0 1 0 1 0 0 1 0 0 1 0 1 1 1 0 0 1 0 0 0 0 0 0 0 0 0 1 0
 0 0 0 0 0 0 0 0 1 0 1 0 0 0 1 0 0 0 1 1 0 0 1 0 0 0 1 0 0 0 1 0 1 0 0 0 1
 0 0 0 0 0 0 1 0 0 0 0 0 0 1 1 0 0 0 0 0 0 0 0 0 1 1 0 0 0 0 0 0 1 0 1 0 0
 0 0 0 0 0 0 0 0 0 0 0 0 0 0 0]	0.8404907975460123
[[108  14]
 [ 12  29]]
              precision    recall  f1-score   support

           0       0.90      0.89      0.89       122
           1       0.67      0.71      0.69        41

    accuracy                           0.84       163
   macro avg       0.79      0.80      0.79       163
weighted avg       0.84      0.84      0.84       163


        0.8404907975460123
2023-05-30-20-30
Bayes->
[0, 1, 0, 1, 0, 0, 0, 0, 0, 0, 0, 0, 0, 1, 0, 0, 1, 1, 0, 0, 1, 0, 0, 1, 0, 0, 1, 0, 0, 0, 0, 0, 0, 0, 0, 0, 1, 1, 0, 0, 1, 0, 0, 0, 0, 0, 0, 1, 0, 1, 1, 0, 1, 0, 0, 0, 0, 1, 1, 0, 0, 1, 1, 0, 0, 0, 0, 0, 1, 0, 0, 0, 1, 0, 0, 0, 0, 0, 0, 0, 0, 0, 0, 0, 1, 0, 0, 0, 1, 0, 0, 0, 1, 1, 0, 0, 1, 0, 0, 1, 1, 0, 1, 0, 1, 0, 0, 0, 0, 0, 1, 0, 0, 1, 1, 0, 0, 1, 0, 0, 0, 0, 0, 0, 1, 1, 0, 0, 0, 0, 0, 1, 0, 0, 0, 0, 1, 1, 0, 1, 0, 0, 0, 0, 0, 0, 0, 0, 1, 0, 0, 0, 0, 0, 0, 0, 0, 0, 0, 0, 0, 0, 0]	[1 1 0 1 0 0 0 0 1 0 0 0 0 1 0 0 0 1 0 1 1 0 0 1 0 0 1 1 0 0 1 0 0 0 0 0 1
 1 0 0 1 0 0 0 1 0 0 1 0 1 0 0 1 0 0 0 0 1 0 1 0 1 1 0 0 0 0 0 0 1 0 0 1 0
 0 0 1 0 0 0 0 0 1 0 1 0 0 0 1 0 0 0 1 1 0 0 1 0 0 0 1 0 0 0 1 0 1 0 0 0 1
 0 0 0 0 0 0 0 0 0 0 0 0 0 1 1 0 0 0 0 0 0 0 0 0 1 1 0 0 0 0 0 0 1 0 1 0 0
 0 0 0 0 0 0 0 0 0 0 0 0 0 0 0]	0.8343558282208589
[[108  14]
 [ 13  28]]
              precision    recall  f1-score   support

           0       0.89      0.89      0.89       122
           1       0.67      0.68      0.67        41

    accuracy                           0.83       163
   macro avg       0.78      0.78      0.78       163
weighted avg       0.84      0.83      0.84       163


        0.8343558282208589
2023-05-30-20-38
Bayes->
[0, 1, 0, 1, 0, 0, 0, 0, 0, 0, 0, 0, 0, 1, 0, 0, 1, 1, 0, 0, 1, 0, 0, 1, 0, 0, 1, 0, 0, 0, 0, 0, 0, 0, 0, 0, 1, 1, 0, 0, 1, 0, 0, 0, 0, 0, 0, 1, 0, 1, 1, 0, 1, 0, 0, 0, 0, 1, 1, 0, 0, 1, 1, 0, 0, 0, 0, 0, 1, 0, 0, 0, 1, 0, 0, 0, 0, 0, 0, 0, 0, 0, 0, 0, 1, 0, 0, 0, 1, 0, 0, 0, 1, 1, 0, 0, 1, 0, 0, 1, 1, 0, 1, 0, 1, 0, 0, 0, 0, 0, 1, 0, 0, 1, 1, 0, 0, 1, 0, 0, 0, 0, 0, 0, 1, 1, 0, 0, 0, 0, 0, 1, 0, 0, 0, 0, 1, 1, 0, 1, 0, 0, 0, 0, 0, 0, 0, 0, 1, 0, 0, 0, 0, 0, 0, 0, 0, 0, 0, 0, 0, 0, 0]	[1 1 0 1 0 0 0 0 1 0 0 0 0 1 0 0 0 1 0 1 1 0 0 1 0 0 1 1 0 0 1 0 0 0 0 0 1
 1 0 0 1 0 0 0 1 0 0 1 0 1 0 0 1 0 0 0 0 1 0 1 0 1 1 0 0 0 0 0 0 1 0 0 1 0
 0 0 1 0 0 0 0 0 1 0 1 0 0 0 1 0 0 0 1 1 0 0 1 0 0 0 1 0 0 0 1 0 1 0 0 0 1
 0 0 0 0 0 0 0 0 0 0 0 0 0 1 1 0 0 0 0 0 0 0 0 0 1 1 0 0 0 0 0 0 1 0 1 0 0
 0 0 0 0 0 0 0 0 0 0 0 0 0 0 0]	0.8343558282208589
[[108  14]
 [ 13  28]]
              precision    recall  f1-score   support

           0       0.89      0.89      0.89       122
           1       0.67      0.68      0.67        41

    accuracy                           0.83       163
   macro avg       0.78      0.78      0.78       163
weighted avg       0.84      0.83      0.84       163


        0.8343558282208589
