2023-06-11-10-26
Random state->42
Neighbors->
[0, 1, 0, 0, 0, 0, 0, 0, 1, 0, 0, 0, 0, 0, 0, 1, 1, 1, 0, 0, 0, 1, 0, 1, 0, 0, 0, 0, 1, 0, 1, 0, 0, 0, 1, 0, 0, 0, 1, 0, 1, 0, 1, 0, 1, 0, 0, 0, 0, 1, 1, 0, 1, 0, 1, 0, 0, 1, 0, 0, 0, 0, 0, 1, 0, 0, 0, 1, 0, 1, 1, 0, 1, 0, 0, 0, 0, 1, 0, 0, 0, 0, 0, 0, 0, 0, 1, 0, 0, 0, 1, 0, 0, 0, 0, 1, 1, 0, 0, 0, 1, 0, 0, 0, 1, 0, 0, 0, 1, 0, 1, 0, 0, 0, 0, 0, 0, 0, 0, 1, 0, 0, 0, 0, 1, 0, 0, 0, 0, 0, 0, 0, 0, 0, 0, 0, 1, 0, 0, 0, 0, 0, 0, 1, 0, 0, 0, 0, 1, 0, 0, 0, 0, 1, 0, 0, 0, 0, 0, 1, 1, 0, 0]
[0 0 1 0 1 0 0 0 1 1 0 0 0 0 1 1 1 0 0 0 0 1 1 0 1 0 0 1 1 1 1 1 0 0 0 0 0
 1 1 0 1 0 0 0 1 0 1 1 1 1 1 1 1 0 1 0 0 1 0 0 1 0 0 0 0 0 1 1 0 1 1 1 1 1
 0 1 1 1 0 0 0 1 0 0 0 1 1 0 0 0 1 0 1 1 0 1 1 0 0 0 1 0 0 1 1 0 0 0 0 1 1
 1 1 0 1 0 0 1 0 1 1 1 1 0 1 0 1 1 1 0 0 0 0 0 0 1 0 0 0 0 0 0 0 1 1 0 0 0
 0 0 0 1 0 1 1 1 1 1 0 1 1 1 0]
0.6748466257668712
[[78 44]
 [ 9 32]]
              precision    recall  f1-score   support

           0       0.90      0.64      0.75       122
           1       0.42      0.78      0.55        41

    accuracy                           0.67       163
   macro avg       0.66      0.71      0.65       163
weighted avg       0.78      0.67      0.70       163


                0.6748466257668712
2023-06-11-10-48
Random state->45
Neighbors->
[0, 1, 0, 1, 0, 0, 0, 0, 0, 0, 0, 0, 0, 1, 0, 0, 1, 1, 0, 0, 1, 0, 0, 1, 0, 0, 1, 0, 0, 0, 0, 0, 0, 0, 0, 0, 1, 1, 0, 0, 1, 0, 0, 0, 0, 0, 0, 1, 0, 1, 1, 0, 1, 0, 0, 0, 0, 1, 1, 0, 0, 1, 1, 0, 0, 0, 0, 0, 1, 0, 0, 0, 1, 0, 0, 0, 0, 0, 0, 0, 0, 0, 0, 0, 1, 0, 0, 0, 1, 0, 0, 0, 1, 1, 0, 0, 1, 0, 0, 1, 1, 0, 1, 0, 1, 0, 0, 0, 0, 0, 1, 0, 0, 1, 1, 0, 0, 1, 0, 0, 0, 0, 0, 0, 1, 1, 0, 0, 0, 0, 0, 1, 0, 0, 0, 0, 1, 1, 0, 1, 0, 0, 0, 0, 0, 0, 0, 0, 1, 0, 0, 0, 0, 0, 0, 0, 0, 0, 0, 0, 0, 0, 0]
[1 1 0 1 0 0 1 0 0 0 0 1 0 1 0 1 0 1 0 1 1 1 0 1 0 0 1 0 0 0 0 1 1 0 0 0 0
 1 0 0 0 1 1 1 1 0 1 0 1 1 0 0 1 1 1 1 1 1 0 0 1 0 1 1 0 0 0 0 0 0 0 0 1 0
 0 0 0 0 0 0 0 0 1 0 1 1 1 0 0 0 0 0 1 1 1 0 1 0 1 0 1 1 0 0 0 1 1 0 0 0 1
 1 0 0 0 0 0 0 0 1 0 0 0 0 1 0 0 0 0 0 0 1 0 0 1 1 1 0 1 1 0 0 0 0 0 0 0 1
 0 0 0 0 0 0 1 1 0 0 0 0 0 0 1]
0.6625766871165644
[[85 37]
 [18 23]]
              precision    recall  f1-score   support

           0       0.83      0.70      0.76       122
           1       0.38      0.56      0.46        41

    accuracy                           0.66       163
   macro avg       0.60      0.63      0.61       163
weighted avg       0.71      0.66      0.68       163


                0.6625766871165644
2023-06-11-11-09
Random state->0
Neighbors->
[0, 1, 1, 0, 1, 0, 0, 0, 1, 0, 1, 1, 0, 0, 1, 1, 0, 1, 0, 1, 0, 0, 0, 0, 1, 0, 0, 0, 0, 0, 1, 0, 0, 0, 0, 1, 0, 1, 0, 0, 0, 0, 1, 0, 0, 0, 0, 1, 0, 0, 0, 0, 0, 0, 1, 1, 1, 1, 0, 0, 0, 0, 0, 0, 0, 1, 0, 1, 0, 0, 0, 0, 0, 0, 0, 1, 0, 0, 0, 1, 1, 0, 0, 0, 0, 0, 0, 1, 0, 0, 0, 0, 0, 0, 1, 0, 1, 0, 0, 0, 0, 0, 1, 0, 1, 0, 0, 0, 1, 0, 0, 0, 0, 0, 1, 0, 0, 0, 0, 1, 0, 1, 0, 0, 1, 0, 0, 0, 1, 0, 0, 0, 1, 0, 0, 0, 0, 0, 0, 0, 0, 0, 0, 0, 0, 0, 0, 1, 0, 0, 1, 0, 1, 0, 0, 1, 0, 0, 0, 0, 0, 0, 0]
[0 1 1 0 0 0 0 0 1 0 0 0 0 0 0 1 0 1 0 0 0 0 0 0 0 0 0 0 0 0 1 0 1 1 1 0 0
 0 0 0 0 0 1 0 0 0 0 1 0 0 0 0 0 1 0 1 1 0 0 0 0 0 0 0 0 0 0 1 0 0 0 0 0 0
 0 0 0 0 0 0 1 1 0 1 0 1 0 0 0 0 0 0 0 0 1 0 0 0 0 0 0 0 1 0 0 0 0 0 1 0 0
 1 1 1 1 0 0 1 0 1 1 1 1 0 1 0 0 0 1 0 0 0 1 0 1 0 1 0 0 0 0 0 0 0 0 0 0 1
 0 1 1 0 1 0 0 0 0 0 0 0 0 0 0]
0.7975460122699386
[[106  16]
 [ 17  24]]
              precision    recall  f1-score   support

           0       0.86      0.87      0.87       122
           1       0.60      0.59      0.59        41

    accuracy                           0.80       163
   macro avg       0.73      0.73      0.73       163
weighted avg       0.80      0.80      0.80       163


                0.7975460122699386
2023-06-11-11-31
Random state->5
Neighbors->
[0, 0, 1, 0, 0, 0, 0, 0, 1, 0, 0, 1, 1, 0, 0, 1, 0, 0, 1, 0, 0, 1, 0, 0, 0, 0, 0, 0, 0, 1, 0, 0, 0, 0, 1, 0, 0, 0, 0, 0, 1, 1, 0, 0, 1, 0, 1, 0, 0, 0, 0, 0, 0, 1, 0, 0, 0, 0, 0, 0, 1, 0, 1, 0, 0, 1, 0, 0, 0, 0, 0, 0, 0, 0, 0, 0, 0, 0, 0, 0, 1, 0, 0, 1, 0, 1, 0, 1, 1, 0, 1, 0, 0, 0, 1, 0, 0, 1, 1, 0, 1, 1, 0, 0, 0, 0, 0, 0, 0, 0, 0, 0, 0, 0, 0, 0, 0, 0, 0, 0, 0, 0, 0, 0, 0, 0, 0, 0, 1, 1, 0, 0, 0, 1, 0, 0, 0, 0, 0, 0, 1, 1, 0, 0, 1, 0, 1, 1, 1, 0, 0, 0, 1, 0, 1, 0, 0, 0, 0, 0, 0, 1, 1]
[0 1 0 0 1 1 0 1 1 0 0 1 1 1 0 1 0 0 1 0 1 1 0 1 1 0 0 0 0 0 0 0 0 0 1 0 0
 1 1 0 1 1 1 1 0 1 0 0 1 0 1 0 0 1 1 1 0 0 0 0 1 1 1 0 1 0 0 0 1 0 0 0 0 1
 0 0 1 0 0 0 0 0 1 0 0 0 1 0 1 1 1 0 1 1 1 0 1 1 1 0 1 1 0 1 0 1 0 0 0 0 1
 0 1 0 1 1 0 0 1 0 1 0 1 0 0 1 1 1 1 1 0 0 1 1 1 1 0 0 1 1 1 0 1 0 1 0 1 0
 1 0 0 1 1 0 1 0 1 0 0 0 1 1 1]
0.6319018404907976
[[73 49]
 [11 30]]
              precision    recall  f1-score   support

           0       0.87      0.60      0.71       122
           1       0.38      0.73      0.50        41

    accuracy                           0.63       163
   macro avg       0.62      0.67      0.60       163
weighted avg       0.75      0.63      0.66       163


                0.6319018404907976
