2023-05-27-12-13
Neighbors->
[0, 1, 0, 1, 0, 0, 0, 0, 0, 0, 0, 0, 0, 1, 0, 0, 1, 1, 0, 0, 1, 0, 0, 1, 0, 0, 1, 0, 0, 0, 0, 0, 0, 0, 0, 0, 1, 1, 0, 0, 1, 0, 0, 0, 0, 0, 0, 1, 0, 1, 1, 0, 1, 0, 0, 0, 0, 1, 1, 0, 0, 1, 1, 0, 0, 0, 0, 0, 1, 0, 0, 0, 1, 0, 0, 0, 0, 0, 0, 0, 0, 0, 0, 0, 1, 0, 0, 0, 1, 0, 0, 0, 1, 1, 0, 0, 1, 0, 0, 1, 1, 0, 1, 0, 1, 0, 0, 0, 0, 0, 1, 0, 0, 1, 1, 0, 0, 1, 0, 0, 0, 0, 0, 0, 1, 1, 0, 0, 0, 0, 0, 1, 0, 0, 0, 0, 1, 1, 0, 1, 0, 0, 0, 0, 0, 0, 0, 0, 1, 0, 0, 0, 0, 0, 0, 0, 0, 0, 0, 0, 0, 0, 0]
[0 1 0 1 0 0 1 0 1 0 1 0 1 1 1 0 1 1 0 1 1 0 0 1 1 0 1 1 0 1 1 1 1 0 0 1 1
 1 0 1 1 1 0 1 0 0 1 1 0 1 1 0 1 0 1 0 1 1 1 1 0 1 1 0 0 1 0 0 1 1 0 0 1 0
 1 0 0 0 0 1 0 0 1 0 1 1 1 0 1 0 1 0 1 1 0 1 1 0 0 1 1 0 1 1 1 1 1 0 0 1 1
 1 1 1 1 1 0 1 0 0 1 0 0 0 1 1 1 0 1 0 0 1 0 1 1 1 1 1 1 1 0 0 0 1 0 1 1 1
 1 0 0 1 0 1 0 0 1 1 0 0 0 1 0]
0.6809815950920245
[[70 52]
 [ 0 41]]
              precision    recall  f1-score   support

           0       1.00      0.57      0.73       122
           1       0.44      1.00      0.61        41

    accuracy                           0.68       163
   macro avg       0.72      0.79      0.67       163
weighted avg       0.86      0.68      0.70       163


                0.6809815950920245
